"","date","group","cum_cases","cases","cum_deaths","deaths","cum_recovered","recovered","infected"
"1",2020-01-26,"SAZ",0,0,0,0,0,0,0
"2",2020-01-27,"SAZ",0,0,0,0,0,0,0
"3",2020-01-28,"SAZ",0,0,0,0,0,0,0
"4",2020-01-29,"SAZ",0,0,0,0,0,0,0
"5",2020-01-30,"SAZ",0,0,0,0,0,0,0
"6",2020-01-31,"SAZ",0,0,0,0,0,0,0
"7",2020-02-01,"SAZ",0,0,0,0,0,0,0
"8",2020-02-02,"SAZ",0,0,0,0,0,0,0
"9",2020-02-03,"SAZ",0,0,0,0,0,0,0
"10",2020-02-04,"SAZ",0,0,0,0,0,0,0
"11",2020-02-05,"SAZ",0,0,0,0,0,0,0
"12",2020-02-06,"SAZ",0,0,0,0,0,0,0
"13",2020-02-07,"SAZ",0,0,0,0,0,0,0
"14",2020-02-08,"SAZ",0,0,0,0,0,0,0
"15",2020-02-09,"SAZ",0,0,0,0,0,0,0
"16",2020-02-10,"SAZ",0,0,0,0,0,0,0
"17",2020-02-11,"SAZ",0,0,0,0,0,0,0
"18",2020-02-12,"SAZ",0,0,0,0,0,0,0
"19",2020-02-13,"SAZ",0,0,0,0,0,0,0
"20",2020-02-14,"SAZ",0,0,0,0,0,0,0
"21",2020-02-15,"SAZ",0,0,0,0,0,0,0
"22",2020-02-16,"SAZ",0,0,0,0,0,0,0
"23",2020-02-17,"SAZ",0,0,0,0,0,0,0
"24",2020-02-18,"SAZ",0,0,0,0,0,0,0
"25",2020-02-19,"SAZ",0,0,0,0,0,0,0
"26",2020-02-20,"SAZ",0,0,0,0,0,0,0
"27",2020-02-21,"SAZ",0,0,0,0,0,0,0
"28",2020-02-22,"SAZ",0,0,0,0,0,0,0
"29",2020-02-23,"SAZ",0,0,0,0,0,0,0
"30",2020-02-24,"SAZ",0,0,0,0,0,0,0
"31",2020-02-25,"SAZ",0,0,0,0,0,0,0
"32",2020-02-26,"SAZ",0,0,0,0,0,0,0
"33",2020-02-27,"SAZ",0,0,0,0,0,0,0
"34",2020-02-28,"SAZ",0,0,0,0,0,0,0
"35",2020-02-29,"SAZ",0,0,0,0,0,0,0
"36",2020-03-01,"SAZ",0,0,0,0,0,0,0
"37",2020-03-02,"SAZ",0,0,0,0,0,0,0
"38",2020-03-03,"SAZ",0,0,0,0,0,0,0
"39",2020-03-04,"SAZ",0,0,0,0,0,0,0
"40",2020-03-05,"SAZ",0,0,0,0,0,0,0
"41",2020-03-06,"SAZ",1,1,0,0,0,0,1
"42",2020-03-07,"SAZ",3,2,0,0,0,0,3
"43",2020-03-08,"SAZ",3,0,0,0,0,0,3
"44",2020-03-09,"SAZ",4,1,0,0,0,0,4
"45",2020-03-10,"SAZ",4,0,0,0,0,0,4
"46",2020-03-11,"SAZ",6,2,0,0,0,0,6
"47",2020-03-12,"SAZ",6,0,0,0,0,0,6
"48",2020-03-13,"SAZ",6,0,0,0,0,0,6
"49",2020-03-14,"SAZ",8,2,0,0,0,0,8
"50",2020-03-15,"SAZ",9,1,0,0,0,0,9
"51",2020-03-16,"SAZ",10,1,0,0,0,0,10
"52",2020-03-17,"SAZ",10,0,0,0,0,0,10
"53",2020-03-18,"SAZ",14,4,0,0,0,0,14
"54",2020-03-19,"SAZ",19,5,0,0,0,0,19
"55",2020-03-20,"SAZ",21,2,0,0,0,0,21
"56",2020-03-21,"SAZ",30,9,0,0,2,2,28
"57",2020-03-22,"SAZ",38,8,0,0,2,0,36
"58",2020-03-23,"SAZ",46,8,0,0,3,1,43
"59",2020-03-24,"SAZ",70,24,0,0,3,0,67
"60",2020-03-25,"SAZ",80,10,0,0,4,1,76
"61",2020-03-26,"SAZ",120,40,0,0,4,0,116
"62",2020-03-27,"SAZ",150,30,4,4,4,0,142
"63",2020-03-28,"SAZ",172,22,5,1,6,2,161
"64",2020-03-29,"SAZ",220,48,6,1,7,1,207
"65",2020-03-30,"SAZ",272,52,6,0,8,1,258
"66",2020-03-31,"SAZ",285,13,6,0,8,0,271
"67",2020-04-01,"SAZ",304,19,10,4,11,3,283
"68",2020-04-02,"SAZ",329,25,11,1,15,4,303
"69",2020-04-03,"SAZ",381,52,11,0,16,1,354
"70",2020-04-04,"SAZ",444,63,12,1,24,8,408
"71",2020-04-05,"SAZ",503,59,12,0,30,6,461
"72",2020-04-06,"SAZ",554,51,13,1,36,6,505
"73",2020-04-07,"SAZ",567,13,13,0,56,20,498
"74",2020-04-08,"SAZ",620,53,16,3,64,8,540
"75",2020-04-09,"SAZ",685,65,23,7,96,32,566
"76",2020-04-10,"SAZ",718,33,23,0,116,20,579
"77",2020-04-11,"SAZ",777,59,32,9,133,17,612
"78",2020-04-12,"SAZ",829,52,33,1,172,39,624
"79",2020-04-13,"SAZ",883,54,34,1,213,41,636
"80",2020-04-14,"SAZ",906,23,38,4,224,11,644
"81",2020-04-15,"SAZ",931,25,40,2,236,12,655
"82",2020-04-16,"SAZ",1014,83,43,3,255,19,716
"83",2020-04-17,"SAZ",1093,79,57,14,298,43,738
"84",2020-04-18,"SAZ",1157,64,63,6,347,49,747
"85",2020-04-19,"SAZ",1232,75,64,1,394,47,774
"86",2020-04-20,"SAZ",1276,44,66,2,435,41,775
"87",2020-04-21,"SAZ",1314,38,73,7,447,12,794
"88",2020-04-22,"SAZ",1347,33,77,4,489,42,781
"89",2020-04-23,"SAZ",1433,86,79,2,536,47,818
"90",2020-04-24,"SAZ",1492,59,84,5,565,29,843
"91",2020-04-25,"SAZ",1543,51,86,2,610,45,847
"92",2020-04-26,"SAZ",1604,61,86,0,652,42,866
"93",2020-04-27,"SAZ",1653,49,86,0,703,51,864
"94",2020-04-28,"SAZ",1692,39,88,2,723,20,881
"95",2020-04-29,"SAZ",1748,56,92,4,745,22,911
"96",2020-04-30,"SAZ",1806,58,92,0,818,73,896
"97",2020-05-01,"SAZ",1857,51,95,3,881,63,881
"98",2020-05-02,"SAZ",1916,59,103,8,930,49,883
"99",2020-05-03,"SAZ",1973,57,103,0,992,62,878
"100",2020-05-04,"SAZ",2017,44,103,0,1031,39,883
"101",2020-05-05,"SAZ",2067,50,121,18,1066,35,880
"102",2020-05-06,"SAZ",2154,87,132,11,1102,36,920
"103",2020-05-07,"SAZ",2242,88,134,2,1181,79,927
"104",2020-05-08,"SAZ",2344,102,152,18,1234,53,958
"105",2020-05-09,"SAZ",2417,73,156,4,1275,41,986
"106",2020-05-10,"SAZ",2482,65,157,1,1334,59,991
"107",2020-05-11,"SAZ",2526,44,157,0,1385,51,984
"108",2020-05-12,"SAZ",2582,56,160,3,1422,37,1000
"109",2020-05-13,"SAZ",2663,81,168,8,1473,51,1022
"110",2020-05-14,"SAZ",2760,97,185,17,1530,57,1045
"111",2020-05-15,"SAZ",2867,107,188,3,1578,48,1101
"112",2020-05-16,"SAZ",2927,60,193,5,1623,45,1111
"113",2020-05-17,"SAZ",3005,78,193,0,1674,51,1138
"114",2020-05-18,"SAZ",3078,73,193,0,1725,51,1160
"115",2020-05-19,"SAZ",3207,129,195,2,1763,38,1249
"116",2020-05-20,"SAZ",3249,42,210,15,1835,72,1204
"117",2020-05-21,"SAZ",3349,100,219,9,1919,84,1211
"118",2020-05-22,"SAZ",3426,77,220,1,1995,76,1211
"119",2020-05-23,"SAZ",3568,142,220,0,2056,61,1292
"120",2020-05-24,"SAZ",3666,98,220,0,2114,58,1332
"121",2020-05-25,"SAZ",3738,72,220,0,2165,51,1353
"122",2020-05-26,"SAZ",3835,97,221,1,2218,53,1396
"123",2020-05-27,"SAZ",3957,122,224,3,2287,69,1446
"124",2020-05-28,"SAZ",4099,142,236,12,2363,76,1500
"125",2020-05-29,"SAZ",4337,238,241,5,2456,93,1640
"126",2020-05-30,"SAZ",4507,170,243,2,2507,51,1757
"127",2020-05-31,"SAZ",4778,271,244,1,2580,73,1954
"128",2020-06-01,"SAZ",4822,44,246,2,2650,70,1926
"129",2020-06-02,"SAZ",5179,357,253,7,2761,111,2165
"130",2020-06-03,"SAZ",5557,378,263,10,2793,32,2501
"131",2020-06-04,"SAZ",5805,248,273,10,2878,85,2654
"132",2020-06-05,"SAZ",6318,513,277,4,2946,68,3095
"133",2020-06-06,"SAZ",6633,315,283,6,3067,121,3283
"134",2020-06-07,"SAZ",7166,533,284,1,3160,93,3722
"135",2020-06-08,"SAZ",7436,270,286,2,3235,75,3915
"136",2020-06-09,"SAZ",7644,208,295,9,3329,94,4020
"137",2020-06-10,"SAZ",8037,393,302,7,3438,109,4297
"138",2020-06-11,"SAZ",8494,457,307,5,3555,117,4632
"139",2020-06-12,"SAZ",9138,644,327,20,3749,194,5062
"140",2020-06-13,"SAZ",9825,687,334,7,3895,146,5596
"141",2020-06-14,"SAZ",10048,223,336,2,4126,231,5586
"142",2020-06-15,"SAZ",10348,300,338,2,4175,49,5835
"143",2020-06-16,"SAZ",11048,700,347,9,4475,300,6226
"144",2020-06-17,"SAZ",11348,300,352,5,4781,306,6215
"145",2020-06-18,"SAZ",12031,683,361,9,4987,206,6683
"146",2020-06-19,"SAZ",12929,898,373,12,5409,422,7147
"147",2020-06-20,"SAZ",13741,812,377,4,5682,273,7682
"148",2020-06-21,"SAZ",14258,517,379,2,6112,430,7767
"149",2020-06-22,"SAZ",14750,492,381,2,6346,234,8023
"150",2020-06-23,"SAZ",15787,1037,390,9,6520,174,8877
"151",2020-06-24,"SAZ",16309,522,405,15,6857,337,9047
"152",2020-06-25,"SAZ",16980,671,426,21,7238,381,9316
"153",2020-06-26,"SAZ",17650,670,426,0,7751,513,9473
"154",2020-06-27,"SAZ",18242,592,436,10,8314,563,9492
"155",2020-06-28,"SAZ",19072,830,444,8,8515,201,10113
"156",2020-06-29,"SAZ",19293,221,448,4,8780,265,10065
"157",2020-06-30,"SAZ",20343,1050,467,19,9379,599,10497
"158",2020-07-01,"SAZ",21274,931,487,20,9648,269,11139
"159",2020-07-02,"SAZ",21842,568,496,9,10242,594,11104
"160",2020-07-03,"SAZ",22764,922,508,12,10959,717,11297
"161",2020-07-04,"SAZ",23478,714,511,3,11676,717,11291
"162",2020-07-05,"SAZ",24314,836,515,4,12161,485,11638
"163",2020-07-06,"SAZ",24963,649,521,6,12601,440,11841
"164",2020-07-07,"SAZ",25705,742,553,32,13525,924,11627
"165",2020-07-08,"SAZ",26376,671,561,8,13993,468,11822
"166",2020-07-09,"SAZ",27123,747,578,17,14619,626,11926
"167",2020-07-10,"SAZ",27833,710,585,7,15209,590,12039
"168",2020-07-11,"SAZ",28527,694,605,20,15713,504,12209
"169",2020-07-12,"SAZ",29160,633,625,20,16449,736,12086
"170",2020-07-13,"SAZ",29369,209,629,4,16713,264,12027
"171",2020-07-14,"SAZ",30249,880,650,21,17662,949,11937
"172",2020-07-15,"SAZ",30994,745,667,17,18527,865,11800
"173",2020-07-16,"SAZ",31583,589,690,23,19018,491,11875
"174",2020-07-17,"SAZ",32255,672,707,17,19806,788,11742
"175",2020-07-18,"SAZ",32743,488,742,35,20513,707,11488
"176",2020-07-19,"SAZ",33318,575,747,5,21238,725,11333
"177",2020-07-20,"SAZ",33573,255,751,4,21887,649,10935
"178",2020-07-21,"SAZ",34413,840,778,27,22632,745,11003
"179",2020-07-22,"SAZ",34668,255,791,13,23324,692,10553
"180",2020-07-23,"SAZ",35019,351,811,20,24011,687,10197
"181",2020-07-24,"SAZ",35762,743,832,21,24671,660,10259
"182",2020-07-25,"SAZ",36586,824,860,28,25416,745,10310
"183",2020-07-26,"SAZ",37049,463,868,8,26008,592,10173
"184",2020-07-27,"SAZ",37487,438,873,5,26302,294,10312
"185",2020-07-28,"SAZ",37961,474,894,21,27123,821,9944
"186",2020-07-29,"SAZ",38471,510,898,4,27822,699,9751
"187",2020-07-30,"SAZ",39073,602,937,39,28439,617,9697
"188",2020-07-31,"SAZ",39661,588,959,22,29007,568,9695
"189",2020-08-01,"SAZ",40378,717,972,13,29575,568,9831
"190",2020-08-02,"SAZ",40718,340,976,4,30213,638,9529
"191",2020-08-03,"SAZ",40966,248,979,3,30526,313,9461
"192",2020-08-04,"SAZ",41058,92,990,11,31359,833,8709
"193",2020-08-05,"SAZ",41341,283,1007,17,31694,335,8640
"194",2020-08-06,"SAZ",41781,440,1022,15,32125,431,8634
"195",2020-08-07,"SAZ",42114,333,1042,20,32832,707,8240
"196",2020-08-08,"SAZ",42539,425,1056,14,33610,778,7873
"197",2020-08-09,"SAZ",42787,248,1058,2,34107,497,7622
"198",2020-08-10,"SAZ",42963,176,1060,2,34600,493,7303
"199",2020-08-11,"SAZ",43559,596,1074,14,35102,502,7383
"200",2020-08-12,"SAZ",43762,203,1091,17,35642,540,7029
"201",2020-08-13,"SAZ",44421,659,1101,10,36215,573,7105
"202",2020-08-14,"SAZ",44707,286,1119,18,36709,494,6879
"203",2020-08-15,"SAZ",44964,257,1131,12,37443,734,6390
"204",2020-08-16,"SAZ",45290,326,1132,1,37858,415,6300
"205",2020-08-17,"SAZ",45554,264,1132,0,38167,309,6255
"206",2020-08-18,"SAZ",45981,427,1140,8,38363,196,6478
"207",2020-08-19,"SAZ",46130,149,1145,5,38667,304,6318
"208",2020-08-20,"SAZ",46352,222,1148,3,39121,454,6083
"209",2020-08-21,"SAZ",46518,166,1151,3,39421,300,5946
"210",2020-08-22,"SAZ",46899,381,1171,20,39913,492,5815
"211",2020-08-23,"SAZ",46988,89,1171,0,40158,245,5659
"212",2020-08-24,"SAZ",47093,105,1171,0,40363,205,5559
"213",2020-08-25,"SAZ",47535,442,1176,5,40974,611,5385
"214",2020-08-26,"SAZ",47569,34,1199,23,41281,307,5089
"215",2020-08-27,"SAZ",47894,325,1204,5,41892,611,4798
"216",2020-08-28,"SAZ",48055,161,1218,14,42192,300,4645
"217",2020-08-29,"SAZ",48199,144,1220,2,42479,287,4500
"218",2020-08-30,"SAZ",48287,88,1226,6,42840,361,4221
"219",2020-08-31,"SAZ",48348,61,1226,0,43164,324,3958
"220",2020-09-01,"SAZ",48523,175,1227,1,43612,448,3684
"221",2020-09-02,"SAZ",48639,116,1228,1,43869,257,3542
"222",2020-09-03,"SAZ",48863,224,1249,21,44111,242,3503
"223",2020-09-04,"SAZ",49133,270,1254,5,44290,179,3589
"224",2020-09-05,"SAZ",49515,382,1261,7,44595,305,3659
"225",2020-09-06,"SAZ",49622,107,1265,4,44719,124,3638
"226",2020-09-07,"SAZ",49762,140,1265,0,44888,169,3609
"227",2020-09-08,"SAZ",49806,44,1265,0,45301,413,3240
"228",2020-09-09,"SAZ",49958,152,1268,3,45392,91,3298
"229",2020-09-10,"SAZ",50093,135,1272,4,45697,305,3124
"230",2020-09-11,"SAZ",50246,153,1278,6,45849,152,3119
"231",2020-09-12,"SAZ",50381,135,1285,7,46080,231,3016
"232",2020-09-13,"SAZ",50478,97,1288,3,46182,102,3008
"233",2020-09-14,"SAZ",50591,113,1288,0,46361,179,2942
"234",2020-09-15,"SAZ",50759,168,1292,4,46553,192,2914
"235",2020-09-16,"SAZ",51056,297,1293,1,46694,141,3069
"236",2020-09-17,"SAZ",51821,765,1311,18,46922,228,3588
"237",2020-09-18,"SAZ",52688,867,1317,6,47187,265,4184
"238",2020-09-19,"SAZ",52926,238,1318,1,47571,384,4037
"239",2020-09-20,"SAZ",53074,148,1323,5,47682,111,4069
"240",2020-09-21,"SAZ",53154,80,1324,1,47837,155,3993
"241",2020-09-22,"SAZ",53355,201,1327,3,47905,68,4123
"242",2020-09-23,"SAZ",53610,255,1324,-3,48097,192,4189
"243",2020-09-24,"SAZ",53823,213,1330,6,48219,122,4274
"244",2020-09-25,"SAZ",54034,211,1338,8,48358,139,4338
"245",2020-09-26,"SAZ",54157,123,1336,-2,48547,189,4274
"246",2020-09-27,"SAZ",54275,118,1336,0,48626,79,4313
"247",2020-09-28,"SAZ",54357,82,1336,0,48780,154,4241
"248",2020-09-29,"SAZ",54574,217,1336,0,48940,160,4298
"249",2020-09-30,"SAZ",54673,99,1336,0,49205,265,4132
"250",2020-10-01,"SAZ",54841,168,1341,5,49820,615,3680
"251",2020-10-02,"SAZ",54992,151,1346,5,50520,700,3126
"252",2020-10-03,"SAZ",55126,134,1348,2,50745,225,3033
"253",2020-10-04,"SAZ",55235,109,1348,0,50882,137,3005
"254",2020-10-05,"SAZ",55314,79,1348,0,50986,104,2980
"255",2020-10-06,"SAZ",55521,207,1350,2,51197,211,2974
"256",2020-10-07,"SAZ",55630,109,1351,1,51478,281,2801
"257",2020-10-08,"SAZ",55835,205,1356,5,51665,187,2814
"258",2020-10-09,"SAZ",56051,216,1354,-2,51855,190,2842
"259",2020-10-10,"SAZ",56219,168,1356,2,51964,109,2899
"260",2020-10-11,"SAZ",56323,104,1358,2,52089,125,2876
"261",2020-10-12,"SAZ",56490,167,1358,0,52180,91,2952
"262",2020-10-13,"SAZ",56649,159,1358,0,52383,203,2908
"263",2020-10-14,"SAZ",56822,173,1359,1,52488,105,2975
"264",2020-10-15,"SAZ",57009,187,1360,1,52638,150,3011
"265",2020-10-16,"SAZ",57175,166,1362,2,52776,138,3037
"266",2020-10-17,"SAZ",57405,230,1366,4,52915,139,3124
